010 2.30103 1 79 1 22.0974
0408 2.30103 1 67 1 35.7684
1 2.30103 1 172 1 28.5934
17th 2.30103 1 187 1 15.4302
1936 2.30103 1 112 1 23.73
1950s 2.30103 1 135 1 83.9402
1980 2.30103 1 84 1 19.1218
2010 2.30103 1 117 1 28.2875
2011 2.30103 1 190 1 20.1576
30 2 2 114 1 13.9951 184 1 34.5477
39365 2.30103 1 105 1 16.4033
40th 2.30103 1 78 1 21.53
5 2.30103 1 49 1 32.5934
a330343 2.30103 1 67 1 35.7684
aerospatiale 2.30103 1 49 1 32.5934
afghanistan 2.30103 1 44 1 18.004
africa 2 2 118 1 15.1086 120 1 25.8497
aggressors 2.30103 1 66 1 13.9161
air 2 2 67 1 35.7684 136 1 5.81384
airbus 2.30103 1 67 1 35.7684
airplane 1.82391 3 59 1 45.6846 61 1 8.62138 63 1 13.9161
airplanes 2.30103 1 60 1 15.8842
alex 2.30103 1 126 1 10.5895
allens 2.30103 1 173 1 12.7092
american 2.30103 1 128 1 23.1332
amy 2.30103 1 70 1 18.4508
anniversary 2.30103 1 78 1 21.53
arena 2.30103 1 146 1 14.8629
arkady 2.30103 1 89 1 37.0632
army 2.30103 1 86 1 11.4145
as350ba 2.30103 1 49 1 32.5934
atlantis 1.82391 3 33 1 10.8332 34 1 10.8332 35 1 20.9035
attacking 2 2 156 1 7.32664 169 1 8.4389
austria 2.30103 1 85 1 34.2786
auto 2 2 77 1 31.2096 82 1 31.4981
babyfoot 2.30103 1 117 1 28.2875
back 2.30103 1 145 1 20.1576
baked 2.30103 1 10 1 24.0655
balagan 2.30103 1 89 1 37.0632
barbie 2.30103 1 122 1 7.24898
base 2.30103 1 64 1 17.9161
baseball 1.34679 9 131 1 12.4033 132 1 54.7612 133 1 15.1086 134 1 17.6981 135 1 83.9402 136 1 5.81384 137 1 12.4033 138 1 16.4033 139 1 9.81384
beach 2.30103 1 181 1 23.2987
bell 2.30103 1 45 1 16.7092
berlin 2 2 112 1 23.73 158 1 11.6139
bicycle 1.39794 8 50 1 7.24898 51 1 17.8385 52 1 7.24898 53 1 7.24898 54 1 7.24898 55 1 7.24898 56 1 32.4279 57 1 7.24898
bicycles 2.30103 1 58 1 10.5895
bicylcle 2.30103 1 52 1 7.24898
bike 2.30103 1 56 1 32.4279
bikini 2.30103 1 98 1 25.179
bird 1.45593 7 168 1 12.7092 169 1 8.4389 170 1 11.4145 171 1 12.7092 173 1 12.7092 174 1 22.004 175 1 18.004
birds 2.30103 1 172 1 28.5934
bison 2.30103 1 18 1 10.5895
black 1.82391 3 178 1 21.489 192 1 21.1651 193 1 26.6253
blackwinged 2.30103 1 176 1 37.0632
blind 2.30103 1 56 1 32.4279
bmw 1.82391 3 78 1 21.53 79 1 22.0974 80 1 21.53
boat 1.60206 5 70 1 18.4508 71 1 7.86134 72 1 7.86134 73 1 23.7456 76 1 7.86134
boating 2.30103 1 69 1 25.179
boats 1.82391 3 68 1 3.32664 74 1 7.32664 75 1 17.9161
borango 2.30103 1 164 1 19.2109
bored 2.30103 1 150 1 12.9086
boston 2 2 111 1 15.1086 139 1 9.81384
braylon 2.30103 1 129 1 23.1332
breaded 2.30103 1 22 1 18.7707
breaking 2.30103 1 199 1 18.6025
bricks 2.30103 1 144 1 19.8842
bristol 2.30103 1 104 1 15.2898
britain 2.30103 1 121 1 16.4033
british 2.30103 1 153 1 12.9086
broadway 2.30103 1 28 1 7.24898
brown 2.30103 1 184 1 34.5477
bryant 2.30103 1 120 1 25.8497
buffalo 2.30103 1 155 1 13.9161
bun 2.30103 1 8 1 16.8026
burger 2.30103 1 8 1 16.8026
cabrio 2.30103 1 85 1 34.2786
cake 2.30103 1 78 1 21.53
camp 2.30103 1 167 1 18.2034
campthe 2.30103 1 128 1 23.1332
canada 2.30103 1 67 1 35.7684
cap 2.30103 1 61 1 8.62138
car 1.52288 6 78 1 21.53 80 1 21.53 82 1 31.4981 83 1 23.4981 84 1 19.1218 169 1 8.4389
cars 1.69897 4 77 1 31.2096 79 1 22.0974 81 1 9.09964 85 1 34.2786
cassins 2.30103 1 174 1 22.004
cat 1.39794 8 184 1 34.5477 185 1 7.24898 187 1 15.4302 188 1 11.249 189 1 7.24898 190 1 20.1576 191 1 14.8629 192 1 21.1651
cats 2.30103 1 186 1 15.8842
cghkw 2.30103 1 67 1 35.7684
champions 2.30103 1 121 1 16.4033
chard 2.30103 1 4 1 33.8882
chas 2.30103 1 59 1 45.6846
checkmate 2 2 90 1 6.11974 93 1 23.2758
cheese 2.30103 1 9 1 10.5895
chef 2.30103 1 27 1 12.5437
chess 1.45593 7 86 1 11.4145 88 1 7.41448 90 1 6.11974 91 1 11.4145 92 1 12.7092 93 1 23.2758 94 1 12.7092
chessmasterturneddetective 2.30103 1 89 1 37.0632
chessmen 2.30103 1 87 1 10.5895
chicken 1.82391 3 8 1 16.8026 19 1 11.5079 24 1 10.5756
chiefs 2.30103 1 125 1 12.5437
china 2.30103 1 154 1 11.6139
choclate 2.30103 1 101 1 7.10858
ciliegino 2.30103 1 7 1 41.8882
city 2 2 91 1 11.4145 105 1 16.4033
close 2.30103 1 200 1 18.6025
closes 2.30103 1 194 1 16.7092
cn 2.30103 1 67 1 35.7684
cold 2.30103 1 107 1 12.8816
college 2.30103 1 110 1 17.6981
colony 2.30103 1 134 1 17.6981
coming 2.30103 1 145 1 20.1576
complete 2.30103 1 56 1 32.4279
con 2 2 1 1 20.7092 7 1 41.8882
contest 2 2 2 1 13.4464 3 1 13.4464
cordillerana 2.30103 1 176 1 37.0632
cornmeal 2.30103 1 22 1 18.7707
county 2.30103 1 190 1 20.1576
coupe 2.30103 1 117 1 28.2875
cream 2.30103 1 11 1 11.0677
crossing 2.30103 1 141 1 7.24898
cup 1.82391 3 119 1 17.8497 120 1 25.8497 159 1 18.355
custom 2 2 56 1 32.4279 77 1 31.2096
cute 2.30103 1 186 1 15.8842
cutest 2.30103 1 184 1 34.5477
dakota 2.30103 1 135 1 83.9402
damon 2.30103 1 138 1 16.4033
dancer 2.30103 1 151 1 7.6139
day 1.69897 4 107 1 12.8816 114 1 13.9951 152 1 10.5004 187 1 15.4302
delivery 2.30103 1 25 1 12.5437
di 2 2 1 1 20.7092 7 1 41.8882
diesel 2.30103 1 84 1 19.1218
digue 2.30103 1 181 1 23.2987
display 2.30103 1 62 1 13.9161
dog 1.45593 7 99 1 3.93357 177 1 9.73364 178 1 21.489 179 1 21.3306 181 1 23.2987 182 1 7.41448 183 1 23.2987
dogs 2.30103 1 180 1 5.29474
dominos 2.30103 1 25 1 12.5437
dove 2.30103 1 176 1 37.0632
doyle 2.30103 1 89 1 37.0632
drew 2.30103 1 142 1 33.7227
du 2.30103 1 117 1 28.2875
eastern 2.30103 1 168 1 12.7092
eating 1.82391 3 2 1 13.4464 3 1 13.4464 140 1 10.5756
edwards 2.30103 1 129 1 23.1332
eggs 2.30103 1 20 1 8.18124
elephant 1.52288 6 159 1 18.355 160 1 6.31916 161 1 12.9086 162 1 7.6139 163 1 12.9086 167 1 18.2034
elephants 1.82391 3 164 1 19.2109 165 1 17.9161 166 1 8.62138
elmo 2.30103 1 27 1 12.5437
em 2.30103 1 194 1 16.7092
endgames 2.30103 1 89 1 37.0632
ends 2.30103 1 130 1 17.8385
england 2.30103 1 123 1 32.4279
enterprise 2 2 39 1 7.50652 41 1 7.50652
error 2.30103 1 79 1 22.0974
essex 2.30103 1 48 1 28.5934
estate 2.30103 1 142 1 33.7227
f16 2.30103 1 66 1 13.9161
family 1.82391 3 143 1 5.28088 147 1 5.28088 179 1 21.3306
fans 2.30103 1 119 1 17.8497
farro 2.30103 1 7 1 41.8882
father 2.30103 1 128 1 23.1332
feast 2.30103 1 157 1 12.6214
feds 2 2 2 1 13.4464 3 1 13.4464
felix 2.30103 1 102 1 21.0247
female 2.30103 1 200 1 18.6025
ferry 2.30103 1 73 1 23.7456
fig 2.30103 1 29 1 12.5437
finals 2.30103 1 124 1 11.249
fly 2.30103 1 148 1 14.5895
flying 2.30103 1 142 1 33.7227
foot 2.30103 1 161 1 12.9086
football 1.39794 8 122 1 7.24898 123 1 32.4279 124 1 11.249 125 1 12.5437 127 1 7.24898 128 1 23.1332 129 1 23.1332 130 1 17.8385
footballer 2.30103 1 126 1 10.5895
francisco 2.30103 1 63 1 13.9161
french 2.30103 1 65 1 14.5895
freshman 2.30103 1 134 1 17.6981
fried 2.30103 1 19 1 11.5079
friendly 2.30103 1 113 1 12.4033
gadsden 2.30103 1 132 1 54.7612
gamberi 2.30103 1 7 1 41.8882
garden 2.30103 1 175 1 18.004
gear 2.30103 1 35 1 20.9035
girl 2.30103 1 108 1 7.10858
gmc 2.30103 1 115 1 7.10858
goal 2.30103 1 106 1 7.10858
goddess 2.30103 1 98 1 25.179
gorge 2.30103 1 69 1 25.179
gpower 2.30103 1 80 1 21.53
great 1.82391 3 197 1 12.013 199 1 18.6025 200 1 18.6025
greensborough 2.30103 1 103 1 15.73
griffin 2.30103 1 82 1 31.4981
ground 2.30103 1 176 1 37.0632
gt2 2.30103 1 80 1 21.53
gti 2.30103 1 82 1 31.4981
habitat 2.30103 1 172 1 28.5934
hal 2.30103 1 105 1 16.4033
hall 2.30103 1 175 1 18.004
hammerhead 2.30103 1 198 1 7.41448
hanoi 2.30103 1 97 1 21.0247
harbor 2 2 74 1 7.32664 75 1 17.9161
hats 2.30103 1 131 1 12.4033
heading 2.30103 1 64 1 17.9161
heart 2.30103 1 23 1 23.1332
heaven 2.30103 1 186 1 15.8842
helicopter 1.45593 7 43 1 12.7092 44 1 18.004 45 1 16.7092 46 1 7.41448 47 1 9.53421 48 1 28.5934 49 1 32.5934
helicopters 2.30103 1 42 1 10.5895
hockey 1.34679 9 104 1 15.2898 105 1 16.4033 106 1 7.10858 107 1 12.8816 108 1 7.10858 109 1 23.9112 110 1 17.6981 111 1 15.1086 112 1 23.73
home 2.30103 1 192 1 21.1651
homemade 2.30103 1 13 1 22.7707
hotel 2.30103 1 179 1 21.3306
house 2.30103 1 144 1 19.8842
hs 2.30103 1 134 1 17.6981
huey 2.30103 1 46 1 7.41448
humming 2.30103 1 173 1 12.7092
hunting 2.30103 1 155 1 13.9161
ice 1.69897 4 11 1 11.0677 104 1 15.2898 107 1 12.8816 109 1 23.9112
imageloger 2.30103 1 51 1 17.8385
india 2.30103 1 165 1 17.9161
indian 2 2 112 1 23.73 160 1 6.31916
indiana 2.30103 1 77 1 31.2096
indianapolis 2.30103 1 77 1 31.2096
indoors 2.30103 1 40 1 6.98742
interior 2.30103 1 62 1 13.9161
interisland 2.30103 1 42 1 10.5895
international 2.30103 1 187 1 15.4302
island 2.30103 1 140 1 10.5756
japan 2.30103 1 37 1 18.096
jeffrey 2.30103 1 184 1 34.5477
jet 2 2 45 1 16.7092 69 1 25.179
johnny 2.30103 1 138 1 16.4033
judge 2.30103 1 191 1 14.8629
jumping 2 2 196 1 6.11974 197 1 12.013
kalamata 2.30103 1 4 1 33.8882
kanchanaburi 2.30103 1 102 1 21.0247
katie 2.30103 1 178 1 21.489
ketchup 2.30103 1 6 1 7.41448
king 2 2 86 1 11.4145 174 1 22.004
kiplings 2.30103 1 167 1 18.2034
kobe 2.30103 1 120 1 25.8497
kpix 2.30103 1 49 1 32.5934
la 2.30103 1 181 1 23.2987
landing 2.30103 1 35 1 20.9035
landscape 2.30103 1 85 1 34.2786
latvia 2.30103 1 113 1 12.4033
league 2 2 121 1 16.4033 135 1 83.9402
learn 2.30103 1 148 1 14.5895
lego 2 2 31 1 7.50652 133 1 15.1086
lewis 2.30103 1 87 1 10.5895
liga 2.30103 1 142 1 33.7227
lion 1.52288 6 150 1 12.9086 151 1 7.6139 152 1 10.5004 153 1 12.9086 154 1 11.6139 158 1 11.6139
lions 1.82391 3 155 1 13.9161 156 1 7.32664 157 1 12.6214
lizard 2.30103 1 95 1 12.4033
local 2.30103 1 103 1 15.73
lodge 2.30103 1 92 1 12.7092
loss 2.30103 1 93 1 23.2758
lotherton 2.30103 1 175 1 18.004
love 2.30103 1 23 1 23.1332
m3 2.30103 1 80 1 21.53
made 2.30103 1 23 1 23.1332
mahouts 2.30103 1 166 1 8.62138
maki 2.30103 1 17 1 12.1812
making 2.30103 1 13 1 22.7707
manchester 2.30103 1 123 1 32.4279
mark 2.30103 1 59 1 45.6846
mascot 2.30103 1 159 1 18.355
match 2.30103 1 137 1 12.4033
meatball 2.30103 1 9 1 10.5895
melanoptera 2.30103 1 176 1 37.0632
men 2.30103 1 94 1 12.7092
mens 2 2 100 1 9.14048 111 1 15.1086
merluzzo 2.30103 1 1 1 20.7092
metriopelia 2.30103 1 176 1 37.0632
military 2 2 64 1 17.9161 65 1 14.5895
mkv 2.30103 1 82 1 31.4981
model 2 2 37 1 18.096 98 1 25.179
monde 2.30103 1 117 1 28.2875
monitor 2.30103 1 95 1 12.4033
monterey 2.30103 1 75 1 17.9161
morning 2.30103 1 183 1 23.2987
motorwerke 2.30103 1 82 1 31.4981
mufc 2.30103 1 123 1 32.4279
museum 2.30103 1 153 1 12.9086
mushroom 2.30103 1 5 1 12.7092
n110tv 2.30103 1 49 1 32.5934
nana 2.30103 1 185 1 7.24898
nancy 2.30103 1 59 1 45.6846
navy 2.30103 1 48 1 28.5934
nelson 2.30103 1 178 1 21.489
nevadas 2.30103 1 171 1 12.7092
night 2.30103 1 13 1 22.7707
north 2.30103 1 135 1 83.9402
nosy 2.30103 1 188 1 11.249
oakland 2.30103 1 110 1 17.6981
obp 2.30103 1 172 1 28.5934
occhipiuverdi 2.30103 1 7 1 41.8882
oldtrafford 2.30103 1 123 1 32.4279
olives 2.30103 1 4 1 33.8882
olympic 1.82391 3 100 1 9.14048 109 1 23.9112 112 1 23.73
onions 2.30103 1 4 1 33.8882
orcs 2.30103 1 149 1 11.249
osaka 2.30103 1 57 1 7.24898
ou 2.30103 1 110 1 17.6981
outdoor 2.30103 1 93 1 23.2758
pack 2.30103 1 129 1 23.1332
palomita 2.30103 1 176 1 37.0632
papa 2.30103 1 53 1 7.24898
paper 2.30103 1 60 1 15.8842
park 2.30103 1 193 1 26.6253
parts 2.30103 1 59 1 45.6846
patriots 2.30103 1 130 1 17.8385
pecorino 2.30103 1 4 1 33.8882
pendant 2.30103 1 109 1 23.9112
peperoncini 2.30103 1 7 1 41.8882
perreroni 2.30103 1 24 1 10.5756
persian 2.30103 1 189 1 7.24898
personal 2.30103 1 75 1 17.9161
pesto 2.30103 1 26 1 7.24898
photos 2.30103 1 70 1 18.4508
pig 1.39794 8 140 1 10.5756 141 1 7.24898 142 1 33.7227 143 1 5.28088 145 1 20.1576 146 1 14.8629 147 1 5.28088 149 1 11.249
pigs 2 2 144 1 19.8842 148 1 14.5895
pilot 2.30103 1 44 1 18.004
pitbulls 2.30103 1 104 1 15.2898
pizza 1.39794 8 23 1 23.1332 24 1 10.5756 25 1 12.5437 26 1 7.24898 27 1 12.5437 28 1 7.24898 29 1 12.5437 30 1 7.24898
plane 1.82391 3 62 1 13.9161 64 1 17.9161 66 1 13.9161
planes 2.30103 1 65 1 14.5895
player 2 2 133 1 15.1086 135 1 83.9402
playing 2.30103 1 60 1 15.8842
plays 2.30103 1 89 1 37.0632
plaza 2.30103 1 97 1 21.0247
pole 2.30103 1 79 1 22.0974
pool 1.82391 3 97 1 21.0247 102 1 21.0247 103 1 15.73
poor 2 2 93 1 23.2758 149 1 11.249
portrait 2.30103 1 135 1 83.9402
postcards 2.30103 1 184 1 34.5477
potato 2.30103 1 10 1 24.0655
print 2.30103 1 161 1 12.9086
privada 2.30103 1 142 1 33.7227
pro 2.30103 1 96 1 7.10858
prosciutto 2.30103 1 29 1 12.5437
pugsley 2.30103 1 56 1 32.4279
rabbit 1.69897 4 81 1 9.09964 84 1 19.1218 85 1 34.2786 178 1 21.489
rabbits 2.30103 1 83 1 23.4981
rag 2.30103 1 5 1 12.7092
rainbow 2.30103 1 12 1 8.18124
ranger 2.30103 1 45 1 16.7092
rarest 2.30103 1 172 1 28.5934
ravens 2.30103 1 125 1 12.5437
ready 2.30103 1 127 1 7.24898
red 2.30103 1 152 1 10.5004
redsox 2 2 138 1 16.4033 139 1 9.81384
reef 2.30103 1 193 1 26.6253
reflections 2.30103 1 71 1 7.86134
refreshing 2.30103 1 15 1 12.1812
rent 2.30103 1 54 1 7.24898
resort 2.30103 1 102 1 21.0247
resting 2 2 157 1 12.6214 194 1 16.7092
retiring 2.30103 1 191 1 14.8629
ride 2.30103 1 43 1 12.7092
rim 2.30103 1 55 1 7.24898
ring 2.30103 1 145 1 20.1576
river 2.30103 1 69 1 25.179
roger 2.30103 1 83 1 23.4981
roll 2 2 15 1 12.1812 16 1 10.8865
rolls 2.30103 1 14 1 15.8842
royal 2.30103 1 48 1 28.5934
rubins 2.30103 1 59 1 45.6846
rugby 2.30103 1 135 1 83.9402
run 2.30103 1 183 1 23.2987
safari 2.30103 1 165 1 17.9161
salad 2.30103 1 10 1 24.0655
salmon 2.30103 1 22 1 18.7707
samsung 2.30103 1 51 1 17.8385
san 2.30103 1 63 1 13.9161
sandwich 1.69897 4 8 1 16.8026 10 1 24.0655 11 1 11.0677 12 1 8.18124
sawasdee 2.30103 1 163 1 12.9086
schaeffers 2.30103 1 92 1 12.7092
scrabble 2.30103 1 109 1 23.9112
sea 2.30103 1 150 1 12.9086
seals 2.30103 1 162 1 7.6139
serving 2.30103 1 44 1 18.004
seychelles 2.30103 1 181 1 23.2987
shark 1.45593 7 193 1 26.6253 194 1 16.7092 196 1 6.11974 197 1 12.013 198 1 7.41448 199 1 18.6025 200 1 18.6025
sharks 2.30103 1 195 1 7.10858
shawn 2.30103 1 89 1 37.0632
shore 2.30103 1 182 1 7.41448
show 1.52288 6 77 1 31.2096 145 1 20.1576 146 1 14.8629 177 1 9.73364 190 1 20.1576 191 1 14.8629
showing 2.30103 1 129 1 23.1332
shows 2.30103 1 192 1 21.1651
shuttle 1.30103 10 31 1 7.50652 33 1 10.8332 34 1 10.8332 35 1 20.9035 36 1 3.50652 37 1 18.096 38 1 3.50652 39 1 7.50652 40 1 6.98742 41 1 7.50652
sierra 2.30103 1 171 1 12.7092
sillhouette 2.30103 1 114 1 13.9951
sinking 2.30103 1 76 1 7.86134
small 2.30103 1 146 1 14.8629
smoke 2.30103 1 88 1 7.41448
snead 2.30103 1 132 1 54.7612
sneeze 2.30103 1 184 1 34.5477
snow 2.30103 1 56 1 32.4279
soccer 1.34679 9 113 1 12.4033 114 1 13.9951 115 1 7.10858 116 1 49.4665 117 1 28.2875 118 1 15.1086 119 1 17.8497 120 1 25.8497 121 1 16.4033
sofitel 2.30103 1 97 1 21.0247
sonoma 2.30103 1 190 1 20.1576
south 2 2 118 1 15.1086 120 1 25.8497
space 1.34679 9 31 1 7.50652 32 1 7.10858 33 1 10.8332 34 1 10.8332 36 1 3.50652 37 1 18.096 38 1 3.50652 39 1 7.50652 41 1 7.50652
spaghetti 1.45593 7 1 1 20.7092 2 1 13.4464 3 1 13.4464 4 1 33.8882 5 1 12.7092 6 1 7.41448 7 1 41.8882
spain 2.30103 1 119 1 17.8497
spin 2.30103 1 83 1 23.4981
springs 2.30103 1 164 1 19.2109
square 2.30103 1 91 1 11.4145
st600 2.30103 1 51 1 17.8385
stadium 2 2 123 1 32.4279 124 1 11.249
stainless 2.30103 1 59 1 45.6846
staring 2 2 170 1 11.4145 188 1 11.249
state 2.30103 2 132 2 54.7612
statues 2.30103 1 94 1 12.7092
steak 1.69897 4 19 1 11.5079 20 1 8.18124 21 1 8.18124 22 1 18.7707
steaks 2.30103 1 18 1 10.5895
steel 2.30103 1 59 1 45.6846
store 2.30103 1 37 1 18.096
strands 2.30103 1 135 1 83.9402
street 2.30103 1 116 1 49.4665
sts132 2 2 33 1 10.8332 34 1 10.8332
sts135 2.30103 1 35 1 20.9035
studio 2.30103 2 135 2 83.9402
stumpy 2.30103 1 159 1 18.355
suit 2.30103 1 98 1 25.179
sunken 2.30103 1 72 1 7.86134
sushi 1.69897 4 13 1 22.7707 15 1 12.1812 16 1 10.8865 17 1 12.1812
swim 2.30103 1 98 1 25.179
swimming 1.34679 9 95 1 12.4033 96 1 7.10858 97 1 21.0247 99 1 3.93357 100 1 9.14048 101 1 7.10858 102 1 21.0247 103 1 15.73 195 1 7.10858
swiss 2.30103 1 4 1 33.8882
t52 2.30103 1 142 1 33.7227
takes 2.30103 1 179 1 21.3306
takin 2.30103 1 70 1 18.4508
tar 2.30103 1 193 1 26.6253
tara 2.30103 1 167 1 18.2034
tarakouova 2.30103 1 1 1 20.7092
tartare 2.30103 1 21 1 8.18124
tauplitz 2.30103 1 85 1 34.2786
tauranga 2.30103 1 43 1 12.7092
team 2.30103 1 112 1 23.73
tempura 2.30103 1 14 1 15.8842
thai 2.30103 1 48 1 28.5934
thailand 2.30103 1 163 1 12.9086
thompsons 2.30103 1 59 1 45.6846
tiger 2 2 154 1 11.6139 165 1 17.9161
tight 2.30103 1 130 1 17.8385
tile 2.30103 1 109 1 23.9112
tip 2.30103 1 193 1 26.6253
today 2.30103 1 23 1 23.1332
tofu 2 2 16 1 10.8865 17 1 12.1812
toon 2.30103 1 83 1 23.4981
trafford 2.30103 1 123 1 32.4279
truck 2.30103 1 32 1 7.10858
tuna 2.30103 1 10 1 24.0655
tv 2 2 13 1 22.7707 49 1 32.5934
tyrannus 2.30103 1 174 1 22.004
uiuc 2.30103 1 144 1 19.8842
university 2.30103 1 111 1 15.1086
urban 2.30103 1 58 1 10.5895
usa 2.30103 1 131 1 12.4033
uss 2.30103 1 48 1 28.5934
uswestminster 2.30103 1 177 1 9.73364
vacation 2.30103 1 179 1 21.3306
van 2.30103 1 30 1 7.24898
veggie 2.30103 1 14 1 15.8842
versatility 2.30103 1 192 1 21.1651
view 2.30103 1 73 1 23.7456
vintage 2.30103 1 50 1 7.24898
vociferans 2.30103 1 174 1 22.004
volkswagen 1.82391 3 81 1 9.09964 84 1 19.1218 85 1 34.2786
vw 2 2 82 1 31.4981 85 1 34.2786
waimakariri 2.30103 1 69 1 25.179
walk 2.30103 1 183 1 23.2987
walter 2.30103 1 128 1 23.1332
war 2.30103 1 47 1 9.53421
water 2.30103 1 199 1 18.6025
wcup 2.30103 1 118 1 15.1086
weaver 2.30103 1 170 1 11.4145
wednesday 2.30103 1 183 1 23.2987
wellington 2.30103 1 73 1 23.7456
wheels 2.30103 1 77 1 31.2096
whip 2.30103 1 168 1 12.7092
white 1.60206 5 93 1 23.2758 178 1 21.489 197 1 12.013 199 1 18.6025 200 1 18.6025
wild 2.30103 1 164 1 19.2109
world 1.45593 7 47 1 9.53421 77 1 31.2096 119 1 17.8497 120 1 25.8497 159 1 18.355 172 1 28.5934 184 1 34.5477
yankees 2.30103 1 137 1 12.4033
youthlink 2.30103 2 116 2 49.4665
zealand 2.30103 1 73 1 23.7456
zombie 2.30103 1 133 1 15.1086
zoo 2.30103 1 158 1 11.6139
zucchine 2.30103 1 7 1 41.8882
